1222.66667
1243.75
1245.75
1250
1261.25
1269.25
1270.5
1270.75
1276.5
1283.33333
1288.30556
1214.16667
1225
1239.25
1246.25
1252
1261.5
1268.75
1271
1275.25
1284.5
1290.5
1290.25
1288.25
1212.33333
1227.25
1235.75
1243
1246.75
1249.25
1262
1273.75
1277.75
1282.75
1287.75
1291.75
1295.25
1294.75
1291.08333
1216.5
1222.75
1233.5
1242.5
1249.75
1253.25
1256.5
1268.25
1280.5
1285
1289
1293.25
1295.75
1297.5
1299.75
1299.75
1299.41667
1218.27778
1224.75
1230.5
1236
1245.5
1253
1258.5
1265.25
1271.5
1277
1284.5
1289.75
1294.25
1299.75
1298.75
1302.5
1308
1306
1302.25
1220.91667
1228.5
1232
1238.75
1250.5
1256
1265.75
1272
1272.75
1282
1290.5
1294
1298.25
1304
1304.75
1307
1308.75
1305
1299.75
1213.80556
1218.25
1228
1236
1242.75
1252.25
1258
1268
1272.75
1273
1282.25
1287.5
1292.5
1300.5
1301.75
1297.75
1299.25
1303.25
1302
1297.75
1294.91667
1218.08333
1221.25
1227.75
1235.75
1241.25
1247.75
1256.25
1262.5
1266
1270
1275.75
1276
1280.5
1291.5
1295
1293.75
1290.75
1294.75
1301
1295.75
1294.75
1220.25
1227.25
1232.25
1240.25
1244.75
1246.5
1251.75
1256
1258.5
1261.25
1265.5
1267.5
1273
1283.5
1289.25
1293.5
1287
1284
1292.75
1288.5
1284.5
1219.25
1224.75
1232.5
1238.25
1241.5
1244.25
1246.75
1248.75
1251.25
1253.75
1251.5
1249.5
1260.25
1275.25
1280.75
1282
1279.5
1278.75
1284.5
1281.25
1274.25
1216.25
1222.5
1225.75
1224.25
1229.75
1239
1242
1242.75
1246.25
1252.5
1251.75
1246.75
1256.75
1273
1277.5
1279
1277.75
1272.25
1275
1274.5
1267.25
1209.5
1219.75
1221.75
1220.75
1228.25
1233.5
1233
1235.75
1241.25
1248.75
1254.25
1254.75
1258.75
1267.5
1268.5
1270.75
1270.25
1261.25
1264
1265.5
1256.25
1201.16667
1213.25
1220.5
1223.75
1227.5
1230
1233.5
1234.5
1237
1243.75
1250.25
1250.5
1251
1256
1258.75
1260.5
1262.75
1258.75
1257.25
1256.25
1246.16667
1204.58333
1213
1221
1224
1227.5
1233.5
1233.25
1233.75
1238.5
1242.5
1242
1242.25
1248.25
1250.25
1250.5
1253
1249.75
1248
1249
1203.30556
1207
1213.75
1221.75
1222.5
1224.25
1227.5
1230
1232.25
1233.75
1233
1231.75
1230.5
1231.5
1238.5
1239
1235.25
1235
1238
1200.16667
1204.75
1213
1216.25
1219.5
1222
1223.25
1225.25
1221.5
1219.25
1223.75
1218.5
1219
1227.5
1226
1225.25
1224.33333
1195.41667
1203.5
1212.25
1215.5
1214.75
1214
1214.75
1209.5
1207.5
1213.75
1213.5
1214.25
1213.5
1209.25
1211.16667
1198
1204.75
1206.75
1205.5
1202.25
1202
1201.75
1200.75
1201.75
1202.5
1202.75
1197.5
1193.25
1195.77778
1197.16667
1197.25
1194
1192.75
1193.5
1192.25
1190.25
1191.5
1190.25
1182.33333
1189.02778
1187.91667
1186.58333
1186.33333
1184
1181.08333
1181.83333
